"PlantHeight" "EarHeight" "locus1" "locus2" "locus3" "locus4"
"Geno_1" 12.5030469415635 6.74623954394107 2 2 0 0
"Geno_10" 10.2190895458016 5.09297819648125 2 2 0 0
"Geno_11" -3.85950053845295 -1.1995452669716 1 0 0 1
"Geno_12" 2.4510327235138 1.41052709352651 1 1 0 1
"Geno_13" -1.15519012343322 -0.589794328275638 1 0 0 0
"Geno_14" 2.6702104502377 1.85244657560113 2 1 1 1
"Geno_15" -1.66354841225787 -0.704422785037071 2 1 0 2
"Geno_16" -9.95134779713122 -5.1330348082321 1 1 0 1
"Geno_17" -2.7066353080669 -1.33046200022626 1 1 1 1
"Geno_18" 6.30576648576141 2.54607353815561 2 2 0 0
"Geno_19" 4.87636325634968 0.786836317752089 2 0 0 0
"Geno_2" -10.3046445403735 -4.32683231612564 1 1 0 0
"Geno_20" -19.2557811130996 -9.76183579912658 0 0 1 1
"Geno_21" -16.4044662681397 -9.75384687652008 0 0 1 0
"Geno_22" 12.7029108631244 6.75719218042832 2 2 1 1
"Geno_23" -0.887441652696778 0.0340860020604461 2 1 0 0
"Geno_24" 10.5217244375994 2.93925318270362 2 2 0 1
"Geno_25" -7.83893235210788 -4.59024858282334 0 0 0 2
"Geno_26" 1.2301782482731 0.282919637885716 0 2 2 0
"Geno_27" 0.616726439376583 2.76536344094842 2 1 2 1
"Geno_28" 3.40228548986611 -0.027928297726811 1 1 2 1
"Geno_29" -5.40075947471653 -4.43414890045522 1 0 1 0
"Geno_3" -3.73064153469692 -3.49868857540285 1 0 2 1
"Geno_30" -6.79346971716543 -1.56054725294818 0 1 2 0
"Geno_31" -17.9745771905472 -10.1750982270538 0 0 2 0
"Geno_32" 0.0190162294387951 0.162928337533652 0 1 2 0
"Geno_33" 1.94749386749629 0.725752565459995 2 1 2 0
"Geno_34" 3.86610183269709 3.95411559804834 1 1 2 0
"Geno_35" 3.41327149265047 2.80446852217518 2 2 2 1
"Geno_36" 12.8616203647092 6.10699166918596 2 1 2 0
"Geno_4" 3.44884083712903 2.16063414999926 1 2 2 0
"Geno_5" 9.75405666201081 3.64577421544119 2 2 2 1
"Geno_6" 8.54503517089612 3.41273377415296 2 2 2 0
"Geno_7" -3.73133057905846 -1.13754595639588 1 2 2 0
"Geno_8" 6.45730749121057 5.25237028577276 2 2 1 1
"Geno_9" -6.15381222774225 -1.21570485386812 1 2 1 1
