"PlantHeight" "EarHeight" "locus1" "locus2" "locus3" "locus4"
"Geno_1" 4.04436362019979 2.06391211376068 2 0 2 2
"Geno_10" 6.86826290602369 2.8595750897274 2 0 2 2
"Geno_11" 0.438332291648787 0.386012407938287 2 0 0 2
"Geno_12" 4.00298265197118 2.54419335871524 2 0 2 2
"Geno_13" -3.8000705747428 -1.0360074787197 0 0 0 0
"Geno_14" 5.16611969617909 3.06819918377451 0 0 0 0
"Geno_15" 2.13745788802181 -0.120352189961426 2 0 0 0
"Geno_16" -3.93894514384875 -3.11749635945327 0 0 2 0
"Geno_17" 2.87786897591737 0.561931307637677 0 0 0 0
"Geno_18" -2.86911890916503 -0.919083475687122 0 0 0 0
"Geno_19" 3.88613019228468 1.33550561483205 2 0 2 2
"Geno_2" -2.98152545286869 -1.24749829938516 0 0 2 0
"Geno_20" -10.5098118436053 -5.35560352505178 0 0 0 0
"Geno_21" -2.60389582980096 -2.59708253414811 2 0 0 2
"Geno_22" 7.71924116630961 4.78263081006411 2 0 0 2
"Geno_23" 4.32968264658516 1.93110252651207 2 0 0 0
"Geno_24" 5.05034702051674 2.61184361660027 2 0 0 2
"Geno_25" -7.35479250875451 -3.65061535500811 0 0 2 0
"Geno_26" -0.503599268453037 1.08082335489814 2 0 0 2
"Geno_27" 0.881153631849281 1.6035366698299 2 0 2 2
"Geno_28" -2.17124607983298 -0.770736163000866 0 0 0 0
"Geno_29" -1.6532350538466 -0.224527294530373 0 0 0 0
"Geno_3" -5.7207690276766 -2.95087736731954 0 0 0 0
"Geno_30" -6.89021107832189 -4.04128872564152 0 0 0 0
"Geno_31" -8.80567753342557 -4.54569216590985 0 0 2 0
"Geno_32" -1.40638993676432 -1.82322498960414 0 0 0 0
"Geno_33" -2.5499281330954 -0.700318896637826 0 0 2 0
"Geno_34" 3.24967651068514 1.49475773034505 2 0 0 2
"Geno_35" -0.586340999769474 -1.34105562508528 2 0 2 0
"Geno_36" 6.10521598307203 2.20714042564217 2 0 2 2
"Geno_4" 1.73355755243313 1.26785337084972 2 0 0 2
"Geno_5" 3.92229829130583 1.77613334064601 2 0 2 2
"Geno_6" 3.135600301481 2.7800845232654 2 0 0 2
"Geno_7" -4.67677043051358 -1.65367925349446 0 0 0 0
"Geno_8" 9.23310336402568 5.44271858488665 2 2 0 2
"Geno_9" -5.75906688603531 -3.70281433128568 0 0 2 0
