"Block"	"Genotype"	"Loc"	"row"	"col"	"PlantHeight"	"EarHeight"
"1"	1	"Geno_33"	1	1	1	178.34363222614	114.665082671085
"2"	1	"Geno_30"	1	2	1	147.943770976282	89.7145539841707
"3"	1	"Geno_32"	1	3	1	140.352479432471	81.2984475862998
"4"	1	"Geno_8"	1	4	1	154.703977659982	94.3854887520133
"5"	1	"Geno_4"	1	5	1	188.549690884508	117.227879019726
"6"	1	"Geno_6"	1	6	1	191.094620288032	115.652262857732
"7"	3	"Geno_32"	1	7	1	165.751115473121	94.0639106046387
"8"	3	"Geno_30"	1	8	1	118.887271013494	68.2690388654491
"9"	3	"Geno_36"	1	9	1	163.680657587515	92.172823391709
"10"	3	"Geno_17"	1	10	1	142.704446535467	80.4234157367741
"11"	3	"Geno_21"	1	11	1	113.231990223232	67.3523925600749
"12"	3	"Geno_16"	1	12	1	136.586766035333	84.5459624545469
"13"	1	"Geno_29"	1	1	2	167.771078444068	103.841745760318
"14"	1	"Geno_25"	1	2	2	120.118070652137	70.4365398659415
"15"	1	"Geno_28"	1	3	2	139.505048237041	85.4622911009123
"16"	1	"Geno_36"	1	4	2	126.648404680945	78.6942610677685
"17"	1	"Geno_7"	1	5	2	133.976562875673	84.5300266903291
"18"	1	"Geno_12"	1	6	2	191.208617950637	107.744501695474
"19"	3	"Geno_15"	1	7	2	158.827040927278	100.847897722962
"20"	3	"Geno_22"	1	8	2	138.328828587021	90.1963272270228
"21"	3	"Geno_25"	1	9	2	136.871778815482	88.033844118481
"22"	3	"Geno_14"	1	10	2	181.239086945325	107.266735875384
"23"	3	"Geno_10"	1	11	2	176.201328989716	106.952338821292
"24"	3	"Geno_35"	1	12	2	91.3606725732558	50.4853560192951
"25"	1	"Geno_27"	1	1	3	173.488998472804	114.320466385184
"26"	1	"Geno_19"	1	2	3	158.903186453356	88.1891091150906
"27"	1	"Geno_2"	1	3	3	146.17119968265	82.8673366847712
"28"	1	"Geno_22"	1	4	3	167.44835273388	100.72338972788
"29"	1	"Geno_11"	1	5	3	151.471149305991	89.0144378005629
"30"	1	"Geno_13"	1	6	3	111.48331864888	70.0922749186199
"31"	3	"Geno_13"	1	7	3	120.580946320647	60.3499631520504
"32"	3	"Geno_23"	1	8	3	140.583404961109	84.5363242304999
"33"	3	"Geno_11"	1	9	3	149.999097153505	89.4348216894977
"34"	3	"Geno_18"	1	10	3	126.49827999201	81.7984630527193
"35"	3	"Geno_34"	1	11	3	170.213315020846	102.107970064683
"36"	3	"Geno_20"	1	12	3	105.961620425724	64.9382897142398
"37"	1	"Geno_24"	1	1	4	152.161332422773	89.0525665082061
"38"	1	"Geno_15"	1	2	4	161.402548330548	94.7758277281194
"39"	1	"Geno_16"	1	3	4	199.164298764895	111.188823018754
"40"	1	"Geno_3"	1	4	4	138.131004594903	79.7484187953276
"41"	1	"Geno_1"	1	5	4	170.729563068209	109.963980147393
"42"	1	"Geno_18"	1	6	4	156.459671155409	92.8912014908457
"43"	3	"Geno_19"	1	7	4	172.83992711651	89.9736687327228
"44"	3	"Geno_9"	1	8	4	129.96867533139	78.4357534020276
"45"	3	"Geno_1"	1	9	4	144.949914072062	85.5710496828949
"46"	3	"Geno_8"	1	10	4	163.746814956307	90.598926697645
"47"	3	"Geno_27"	1	11	4	87.7634951009315	55.5100016092023
"48"	3	"Geno_12"	1	12	4	167.937582334188	96.5721151361989
"49"	1	"Geno_21"	1	1	5	186.457910591743	99.0993502402989
"50"	1	"Geno_9"	1	2	5	135.119056035064	76.2636708039929
"51"	1	"Geno_34"	1	3	5	137.030791330342	73.5256944561956
"52"	1	"Geno_17"	1	4	5	180.93853439981	109.501323555826
"53"	1	"Geno_14"	1	5	5	156.06194501737	90.5565978143596
"54"	1	"Geno_35"	1	6	5	155.373575322009	89.6451486296267
"55"	3	"Geno_3"	1	7	5	115.43067035013	69.6069852763853
"56"	3	"Geno_31"	1	8	5	104.690522979654	69.9079942242486
"57"	3	"Geno_33"	1	9	5	116.329455267413	80.278588823657
"58"	3	"Geno_29"	1	10	5	143.146042162049	84.7353551757546
"59"	3	"Geno_5"	1	11	5	130.407735961918	89.7165462218062
"60"	3	"Geno_28"	1	12	5	143.13710017356	93.9711159930753
"61"	1	"Geno_10"	1	1	6	162.945419269108	110.285758906946
"62"	1	"Geno_23"	1	2	6	141.552651170069	81.1824267843692
"63"	1	"Geno_20"	1	3	6	131.092133607003	76.8022684341248
"64"	1	"Geno_31"	1	4	6	117.142336852809	71.2316509420096
"65"	1	"Geno_5"	1	5	6	178.422316650783	113.133680613935
"66"	1	"Geno_26"	1	6	6	151.61888728382	95.4361413605798
"67"	3	"Geno_24"	1	7	6	157.155631799327	102.737592566789
"68"	3	"Geno_2"	1	8	6	122.115097034324	75.8628885040636
"69"	3	"Geno_6"	1	9	6	145.783643666623	87.2193660095944
"70"	3	"Geno_26"	1	10	6	158.044835489012	94.381077283162
"71"	3	"Geno_4"	1	11	6	128.080053867956	79.2171624664797
"72"	3	"Geno_7"	1	12	6	85.7344846877339	55.3226751058669
"73"	2	"Geno_3"	1	1	7	149.58866792936	89.1446856153575
"74"	2	"Geno_27"	1	2	7	148.131906694371	92.0761416968521
"75"	2	"Geno_14"	1	3	7	141.314122903359	81.9680623307094
"76"	2	"Geno_6"	1	4	7	142.584088137927	91.6134982155305
"77"	2	"Geno_7"	1	5	7	178.494932109433	114.099974783969
"78"	2	"Geno_18"	1	6	7	136.113419149901	88.8853016015287
"79"	4	"Geno_24"	1	7	7	132.973183950735	80.8366080931429
"80"	4	"Geno_23"	1	8	7	189.026360243573	113.193713523906
"81"	4	"Geno_13"	1	9	7	138.205331485757	85.1910115488766
"82"	4	"Geno_32"	1	10	7	124.623421426105	74.3121581879417
"83"	4	"Geno_5"	1	11	7	164.992614683074	99.0527414591606
"84"	4	"Geno_26"	1	12	7	127.524816610485	75.1518613364883
"85"	2	"Geno_11"	1	1	8	113.546189679372	66.9916949996725
"86"	2	"Geno_17"	1	2	8	198.203411919046	122.068658024866
"87"	2	"Geno_21"	1	3	8	135.492687018132	76.7909552001567
"88"	2	"Geno_36"	1	4	8	154.790565710043	90.1589099625774
"89"	2	"Geno_33"	1	5	8	157.965539196295	95.6024391647886
"90"	2	"Geno_8"	1	6	8	135.175636554187	79.5234321480541
"91"	4	"Geno_19"	1	7	8	111.133834720012	67.614597361991
"92"	4	"Geno_34"	1	8	8	133.04496936678	81.8757763806553
"93"	4	"Geno_12"	1	9	8	166.723194174468	102.439338211714
"94"	4	"Geno_4"	1	10	8	120.483173987314	70.139792160691
"95"	4	"Geno_11"	1	11	8	140.498284534499	74.5101990341786
"96"	4	"Geno_1"	1	12	8	164.02765057435	96.478362462483
"97"	2	"Geno_10"	1	1	9	167.67115369747	96.0170615200066
"98"	2	"Geno_28"	1	2	9	164.232898466089	103.460122928598
"99"	2	"Geno_29"	1	3	9	129.45510122333	78.4059981823127
"100"	2	"Geno_5"	1	4	9	177.47995704291	108.728000537655
"101"	2	"Geno_12"	1	5	9	161.76084750971	91.7921801795704
"102"	2	"Geno_34"	1	6	9	197.931835753748	112.531417815577
"103"	4	"Geno_25"	1	7	9	127.988919635484	76.2758822316532
"104"	4	"Geno_3"	1	8	9	108.923280389046	68.8419032723287
"105"	4	"Geno_9"	1	9	9	108.565052732058	58.3828429053027
"106"	4	"Geno_35"	1	10	9	78.1938512717516	45.7066974022386
"107"	4	"Geno_15"	1	11	9	142.482469498154	77.0666902633679
"108"	4	"Geno_18"	1	12	9	1345.23	NA
"109"	2	"Geno_30"	1	1	10	157.806625264257	92.1605160004179
"110"	2	"Geno_22"	1	2	10	135.161447502045	76.5705392875052
"111"	2	"Geno_15"	1	3	10	152.593159032531	83.9666670921361
"112"	2	"Geno_25"	1	4	10	121.811393240838	69.8730260409895
"113"	2	"Geno_20"	1	5	10	125.032248000172	78.6789864341339
"114"	2	"Geno_4"	1	6	10	156.139416741585	87.2512767812511
"115"	4	"Geno_16"	1	7	10	144.14192338718	83.6936985852373
"116"	4	"Geno_36"	1	8	10	175.651389077805	104.87740580894
"117"	4	"Geno_10"	1	9	10	148.703848354526	91.7997025872222
"118"	4	"Geno_31"	1	10	10	128.49977563833	81.945390358231
"119"	4	"Geno_21"	1	11	10	161.616247895871	94.4086083850084
"120"	4	"Geno_7"	1	12	10	138.374801011666	90.602359653126
"121"	2	"Geno_2"	1	1	11	148.373258564105	84.0754562006116
"122"	2	"Geno_1"	1	2	11	175.075768539451	105.353964707745
"123"	2	"Geno_26"	1	3	11	161.032041955767	101.695040854266
"124"	2	"Geno_24"	1	4	11	143.633869236436	91.9748128534323
"125"	2	"Geno_31"	1	5	11	144.92567120409	90.0552452169651
"126"	2	"Geno_9"	1	6	11	136.052904602772	85.7693160273488
"127"	4	"Geno_17"	1	7	11	146.42563817806	86.3423051678622
"128"	4	"Geno_20"	1	8	11	124.698001465217	73.7499973851477
"129"	4	"Geno_8"	1	9	11	146.172218261618	97.9999783918533
"130"	4	"Geno_28"	1	10	11	135.361487025886	82.1068735296221
"131"	4	"Geno_22"	1	11	11	139.521356376691	93.9932671050443
"132"	4	"Geno_33"	1	12	11	111.77336047798	65.1788944697301
"133"	2	"Geno_16"	1	1	12	143.442367203736	79.4427278670516
"134"	2	"Geno_13"	1	2	12	157.706852187886	91.2701997240845
"135"	2	"Geno_35"	1	3	12	170.130162865862	107.849069114034
"136"	2	"Geno_19"	1	4	12	150.830042177461	83.6434759607581
"137"	2	"Geno_32"	1	5	12	155.94586685488	93.1870202752357
"138"	2	"Geno_23"	1	6	12	167.623682899862	94.6264332714648
"139"	4	"Geno_30"	1	7	12	167.756607847299	98.6520148628801
"140"	4	"Geno_14"	1	8	12	188.272906243703	114.80526584241
"141"	4	"Geno_6"	1	9	12	127.660719887164	78.5290068718957
"142"	4	"Geno_2"	1	10	12	127.856342202753	70.9956439652265
"143"	4	"Geno_29"	1	11	12	121.61612727364	73.4240763997147
"144"	4	"Geno_27"	1	12	12	121.063352789801	66.8244017930266
"145"	1	"Geno_13"	2	1	1	206.779073135683	129.469471452965
"146"	1	"Geno_31"	2	2	1	142.742987141986	88.0551231414092
"147"	1	"Geno_9"	2	3	1	139.580175274814	80.5036382918611
"148"	1	"Geno_20"	2	4	1	167.88000018479	101.368392585943
"149"	1	"Geno_28"	2	5	1	165.759211938193	104.397525634265
"150"	1	"Geno_19"	2	6	1	171.204175449377	109.767395651215
"151"	3	"Geno_13"	2	7	1	167.654724419439	109.366786106465
"152"	3	"Geno_10"	2	8	1	191.806062591746	103.06461063744
"153"	3	"Geno_15"	2	9	1	146.108357892785	84.2082395551102
"154"	3	"Geno_12"	2	10	1	152.55052558016	103.887260026937
"155"	3	"Geno_14"	2	11	1	140.670855925559	89.1736460051536
"156"	3	"Geno_5"	2	12	1	146.249594430628	79.6166473624133
"157"	1	"Geno_8"	2	1	2	196.122121029009	113.422867515516
"158"	1	"Geno_10"	2	2	2	192.725655337233	116.790765215708
"159"	1	"Geno_18"	2	3	2	159.502882182586	100.898999924007
"160"	1	"Geno_17"	2	4	2	177.21960046944	112.012819388106
"161"	1	"Geno_22"	2	5	2	205.69008945335	124.52912606018
"162"	1	"Geno_21"	2	6	2	199.708428634386	116.107385210018
"163"	3	"Geno_27"	2	7	2	171.790880146502	97.3085540521951
"164"	3	"Geno_1"	2	8	2	170.211277985554	100.873596026824
"165"	3	"Geno_28"	2	9	2	131.747708802801	80.3117867179145
"166"	3	"Geno_29"	2	10	2	179.950104134856	109.431109116772
"167"	3	"Geno_6"	2	11	2	196.263081679188	120.274188262916
"168"	3	"Geno_36"	2	12	2	196.886054161735	125.071536265898
"169"	1	"Geno_3"	2	1	3	146.791324801031	95.7930888849478
"170"	1	"Geno_25"	2	2	3	166.590822228123	102.233185059403
"171"	1	"Geno_36"	2	3	3	174.279243426429	96.397593032712
"172"	1	"Geno_30"	2	4	3	139.861921589534	87.6806807302447
"173"	1	"Geno_16"	2	5	3	137.249545665292	79.8784253125747
"174"	1	"Geno_32"	2	6	3	170.005471256467	96.9994967476
"175"	3	"Geno_23"	2	7	3	161.684040710425	99.8216274310353
"176"	3	"Geno_33"	2	8	3	173.156024319473	110.751487278459
"177"	3	"Geno_22"	2	9	3	147.151465966506	86.451048397394
"178"	3	"Geno_35"	2	10	3	182.588118213963	104.364513222456
"179"	3	"Geno_31"	2	11	3	166.14829984627	91.0917549500448
"180"	3	"Geno_8"	2	12	3	186.089089445227	116.556379967532
"181"	1	"Geno_7"	2	1	4	187.976013212861	107.016179971472
"182"	1	"Geno_2"	2	2	4	163.157885851398	96.1959337486996
"183"	1	"Geno_5"	2	3	4	143.60371694943	87.2007643857161
"184"	1	"Geno_23"	2	4	4	150.959040980894	90.153858711814
"185"	1	"Geno_1"	2	5	4	154.062801532136	95.2098162348461
"186"	1	"Geno_29"	2	6	4	184.288197721891	112.268888016332
"187"	3	"Geno_24"	2	7	4	199.773372986799	116.381669818061
"188"	3	"Geno_30"	2	8	4	147.900417355604	85.4051795007998
"189"	3	"Geno_7"	2	9	4	160.576339947988	98.8298004880986
"190"	3	"Geno_4"	2	10	4	156.111887062653	97.3380812368844
"191"	3	"Geno_16"	2	11	4	120.284076592581	75.6531944075513
"192"	3	"Geno_18"	2	12	4	159.760356806349	85.3432473899033
"193"	1	"Geno_6"	2	1	5	173.789244454486	104.878169469056
"194"	1	"Geno_24"	2	2	5	212.844410501984	122.129982787202
"195"	1	"Geno_15"	2	3	5	175.741553189196	97.5310949679233
"196"	1	"Geno_26"	2	4	5	161.266237560647	101.903638020256
"197"	1	"Geno_33"	2	5	5	138.812766042911	75.3507017275009
"198"	1	"Geno_4"	2	6	5	156.854629018435	96.2771855085019
"199"	3	"Geno_25"	2	7	5	172.441709181093	98.3649995795103
"200"	3	"Geno_20"	2	8	5	126.174441889083	74.0095539098491
"201"	3	"Geno_26"	2	9	5	175.699672259967	108.489750051234
"202"	3	"Geno_3"	2	10	5	158.961563265405	85.3054722394232
"203"	3	"Geno_34"	2	11	5	141.611560654827	91.749107748776
"204"	3	"Geno_17"	2	12	5	170.217846287492	101.62445888399
"205"	1	"Geno_35"	2	1	6	198.685093952995	119.155947934392
"206"	1	"Geno_11"	2	2	6	199.234467079559	122.095114104203
"207"	1	"Geno_12"	2	3	6	162.587960340888	97.9484083904614
"208"	1	"Geno_34"	2	4	6	192.856654938025	115.221424066316
"209"	1	"Geno_14"	2	5	6	177.374095967441	108.273173484787
"210"	1	"Geno_27"	2	6	6	156.806303214784	98.4708291681489
"211"	3	"Geno_11"	2	7	6	169.49269981334	94.7937481490456
"212"	3	"Geno_32"	2	8	6	160.396699817979	96.5613429744405
"213"	3	"Geno_19"	2	9	6	154.20389118779	107.000395618089
"214"	3	"Geno_2"	2	10	6	153.21780590256	102.050203116673
"215"	3	"Geno_21"	2	11	6	191.220265290953	109.357221636825
"216"	3	"Geno_9"	2	12	6	142.38884218383	85.7870268174247
"217"	2	"Geno_16"	2	1	7	166.068696348315	93.2570986558555
"218"	2	"Geno_23"	2	2	7	184.11656318913	107.353215053845
"219"	2	"Geno_35"	2	3	7	214.218539235287	128.349700851604
"220"	2	"Geno_30"	2	4	7	140.06679964536	84.0643444664692
"221"	2	"Geno_36"	2	5	7	180.090123182706	105.532125529744
"222"	2	"Geno_28"	2	6	7	179.658372639316	107.848075524329
"223"	4	"Geno_5"	2	7	7	180.203490333478	107.973935815872
"224"	4	"Geno_31"	2	8	7	154.53536735966	89.4645659727314
"225"	4	"Geno_16"	2	9	7	157.228376991487	90.841034714043
"226"	4	"Geno_24"	2	10	7	181.292919960378	106.083830004821
"227"	4	"Geno_18"	2	11	7	164.080778765863	95.3020011725581
"228"	4	"Geno_19"	2	12	7	187.029687554676	111.974705364413
"229"	2	"Geno_15"	2	1	8	159.678642152146	92.8401935861848
"230"	2	"Geno_13"	2	2	8	164.26131816291	103.045465700333
"231"	2	"Geno_24"	2	3	8	159.094922380215	93.5884209276435
"232"	2	"Geno_10"	2	4	8	177.324789822021	100.402516032178
"233"	2	"Geno_6"	2	5	8	167.41477872922	109.642330313182
"234"	2	"Geno_17"	2	6	8	154.114820234397	96.4607947920273
"235"	4	"Geno_28"	2	7	8	195.939598293199	109.297665661264
"236"	4	"Geno_15"	2	8	8	162.237468353002	92.1750405406892
"237"	4	"Geno_27"	2	9	8	182.312818387434	112.361123333379
"238"	4	"Geno_10"	2	10	8	127.695147584144	75.2006810056964
"239"	4	"Geno_2"	2	11	8	181.605058409813	111.533882090969
"240"	4	"Geno_34"	2	12	8	206.6288005644	120.551648106375
"241"	2	"Geno_7"	2	1	9	145.641531909607	87.1252015734285
"242"	2	"Geno_31"	2	2	9	179.62299485664	105.408059221642
"243"	2	"Geno_1"	2	3	9	134.622013132975	84.1163008603818
"244"	2	"Geno_26"	2	4	9	158.495847443608	97.1142539358235
"245"	2	"Geno_9"	2	5	9	156.85990253466	86.3224728424866
"246"	2	"Geno_3"	2	6	9	171.732628930147	106.142377093345
"247"	4	"Geno_25"	2	7	9	181.143905525855	118.530080908075
"248"	4	"Geno_6"	2	8	9	175.873444467023	105.156966251398
"249"	4	"Geno_12"	2	9	9	188.250165432496	107.467477468381
"250"	4	"Geno_7"	2	10	9	175.036764517218	109.878165711971
"251"	4	"Geno_20"	2	11	9	147.468821940245	93.4549890233357
"252"	4	"Geno_9"	2	12	9	188.556749019513	104.808752255316
"253"	2	"Geno_27"	2	1	10	158.925093719224	103.12661720822
"254"	2	"Geno_19"	2	2	10	212.587063845626	129.044665004492
"255"	2	"Geno_20"	2	3	10	190.303460035663	117.599484293363
"256"	2	"Geno_5"	2	4	10	239.422743720501	137.396254026562
"257"	2	"Geno_25"	2	5	10	165.466803150136	103.491480729634
"258"	2	"Geno_18"	2	6	10	213.8499431507	126.215662649954
"259"	4	"Geno_22"	2	7	10	205.815986637784	125.808004109361
"260"	4	"Geno_3"	2	8	10	166.267119109975	105.902169960553
"261"	4	"Geno_14"	2	9	10	189.416243080114	111.0843564411
"262"	4	"Geno_26"	2	10	10	184.793157469081	115.097919679854
"263"	4	"Geno_17"	2	11	10	195.710821905099	109.134150733014
"264"	4	"Geno_32"	2	12	10	166.873355479582	94.7751582284822
"265"	2	"Geno_2"	2	1	11	147.497064294189	95.2451210775071
"266"	2	"Geno_21"	2	2	11	159.068974888924	93.4296804819312
"267"	2	"Geno_8"	2	3	11	199.92791927452	126.09813780574
"268"	2	"Geno_34"	2	4	11	186.115214589402	115.092496432575
"269"	2	"Geno_11"	2	5	11	182.509792906197	112.146087231812
"270"	2	"Geno_32"	2	6	11	171.939698477092	99.45929139846
"271"	4	"Geno_4"	2	7	11	194.099284170061	120.478326218806
"272"	4	"Geno_23"	2	8	11	176.613305426061	101.712471800434
"273"	4	"Geno_33"	2	9	11	158.471686011023	90.9220721118122
"274"	4	"Geno_30"	2	10	11	170.205187987799	97.2012945667681
"275"	4	"Geno_8"	2	11	11	203.516015669685	121.395402769164
"276"	4	"Geno_29"	2	12	11	149.037481369526	99.0465466641346
"277"	2	"Geno_33"	2	1	12	179.525557067875	106.125466124506
"278"	2	"Geno_14"	2	2	12	162.803139646754	100.731231898651
"279"	2	"Geno_29"	2	3	12	195.242043812934	122.180666764748
"280"	2	"Geno_22"	2	4	12	199.236729463924	116.714447439845
"281"	2	"Geno_4"	2	5	12	152.295285179035	94.7375084982695
"282"	2	"Geno_12"	2	6	12	170.551187334862	108.729715291265
"283"	4	"Geno_1"	2	7	12	176.123885803144	112.34894091534
"284"	4	"Geno_36"	2	8	12	185.078693275215	110.458393096764
"285"	4	"Geno_35"	2	9	12	174.023562161006	100.898953892678
"286"	4	"Geno_21"	2	10	12	161.340681997986	100.134909403095
"287"	4	"Geno_13"	2	11	12	149.36372689734	85.9132052474365
"288"	4	"Geno_11"	2	12	12	129.452700710106	79.6401883119389
"289"	1	"Geno_5"	3	1	1	130.174074632099	67.3458903246295
"290"	1	"Geno_22"	3	2	1	209.006574714288	121.616531151053
"291"	1	"Geno_13"	3	3	1	150.550091189357	103.216119843007
"292"	1	"Geno_26"	3	4	1	111.54619459628	63.6423970029321
"293"	1	"Geno_12"	3	5	1	124.878769026821	74.5785925259315
"294"	1	"Geno_1"	3	6	1	102.820133072544	62.7918273091567
"295"	3	"Geno_10"	3	7	1	144.928828474325	83.4360193980929
"296"	3	"Geno_26"	3	8	1	120.528227577338	75.3755954896266
"297"	3	"Geno_27"	3	9	1	171.933107336088	104.185778602056
"298"	3	"Geno_5"	3	10	1	106.332990842687	68.876569349403
"299"	3	"Geno_17"	3	11	1	126.334386642829	66.2374115365857
"300"	3	"Geno_31"	3	12	1	111.873910888516	70.1572868776119
"301"	1	"Geno_23"	3	1	2	146.206409443566	78.4154222340071
"302"	1	"Geno_20"	3	2	2	97.6357496864942	59.7697572123619
"303"	1	"Geno_29"	3	3	2	123.370114510125	73.7896814776777
"304"	1	"Geno_30"	3	4	2	113.534611153019	67.4822886548892
"305"	1	"Geno_28"	3	5	2	157.075273869954	97.7938394396028
"306"	1	"Geno_4"	3	6	2	195.433981760448	118.348719183717
"307"	3	"Geno_21"	3	7	2	112.076209977633	73.5226089138881
"308"	3	"Geno_20"	3	8	2	77.0457720501235	47.3801018497093
"309"	3	"Geno_22"	3	9	2	148.947131144905	93.7510089277563
"310"	3	"Geno_23"	3	10	2	122.990006700743	70.9144535949753
"311"	3	"Geno_25"	3	11	2	95.3927610593791	53.9764715200175
"312"	3	"Geno_15"	3	12	2	125.182052368377	77.5252731413436
"313"	1	"Geno_25"	3	1	3	94.1713462522382	61.6067367380948
"314"	1	"Geno_18"	3	2	3	125.118497893824	73.9818174139696
"315"	1	"Geno_9"	3	3	3	118.778998057622	78.4641136165834
"316"	1	"Geno_21"	3	4	3	110.569091258872	66.6655792992949
"317"	1	"Geno_35"	3	5	3	148.854487745051	86.3999806972801
"318"	1	"Geno_19"	3	6	3	148.508274523742	90.5969084760511
"319"	3	"Geno_32"	3	7	3	129.016121898449	80.5018049889768
"320"	3	"Geno_6"	3	8	3	140.268859213644	89.7010210673277
"321"	3	"Geno_36"	3	9	3	177.216050168418	104.516386755752
"322"	3	"Geno_28"	3	10	3	133.997903241357	82.8818259394421
"323"	3	"Geno_24"	3	11	3	130.002701463098	78.5045884390538
"324"	3	"Geno_18"	3	12	3	88.950491811539	59.6272946079053
"325"	1	"Geno_15"	3	1	4	150.051568824864	85.6099588155417
"326"	1	"Geno_7"	3	2	4	126.332170815882	73.1159507993697
"327"	1	"Geno_27"	3	3	4	127.73339024161	78.4041134168447
"328"	1	"Geno_8"	3	4	4	140.876353780373	85.7058801203657
"329"	1	"Geno_14"	3	5	4	133.559882783302	91.8198621460267
"330"	1	"Geno_3"	3	6	4	116.253522516321	69.7073842941302
"331"	3	"Geno_13"	3	7	4	104.782380731545	57.640056413681
"332"	3	"Geno_8"	3	8	4	158.636786698888	95.2904433027087
"333"	3	"Geno_2"	3	9	4	128.416668775213	73.586699330458
"334"	3	"Geno_9"	3	10	4	116.320250051828	72.1032151754191
"335"	3	"Geno_7"	3	11	4	137.533119123545	83.446602061984
"336"	3	"Geno_12"	3	12	4	137.591217015756	82.0995055074679
"337"	1	"Geno_31"	3	1	5	104.081083177087	69.322718937854
"338"	1	"Geno_33"	3	2	5	132.900927126664	80.3859459777888
"339"	1	"Geno_11"	3	3	5	134.703808454451	81.130211697253
"340"	1	"Geno_32"	3	4	5	106.16748575369	60.5888556551482
"341"	1	"Geno_24"	3	5	5	132.182527399284	78.5171047029216
"342"	1	"Geno_10"	3	6	5	146.232907665742	89.6411471589117
"343"	3	"Geno_34"	3	7	5	116.016539347218	70.6926005411593
"344"	3	"Geno_19"	3	8	5	131.445830264028	69.7500794597948
"345"	3	"Geno_14"	3	9	5	134.865973684648	78.5982142070988
"346"	3	"Geno_11"	3	10	5	147.748509250611	97.4852203320596
"347"	3	"Geno_3"	3	11	5	107.822301288059	64.7025696460389
"348"	3	"Geno_35"	3	12	5	121.735140297913	72.8072907828294
"349"	1	"Geno_16"	3	1	6	135.126426356665	84.0062011078211
"350"	1	"Geno_34"	3	2	6	116.664326257981	75.2699578979381
"351"	1	"Geno_17"	3	3	6	134.190817914194	79.7415848486101
"352"	1	"Geno_6"	3	4	6	131.309453745043	86.5645927231911
"353"	1	"Geno_2"	3	5	6	120.899455348842	71.5957147780472
"354"	1	"Geno_36"	3	6	6	142.46490029747	77.3987816365509
"355"	3	"Geno_4"	3	7	6	118.023496861142	70.3857806568312
"356"	3	"Geno_33"	3	8	6	140.816035131039	86.5713024570428
"357"	3	"Geno_30"	3	9	6	104.077445974509	63.108387572666
"358"	3	"Geno_29"	3	10	6	111.527292299325	62.9506247717624
"359"	3	"Geno_1"	3	11	6	160.282669292468	85.1291013445031
"360"	3	"Geno_16"	3	12	6	99.0346365255216	52.9893089961933
"361"	2	"Geno_7"	3	1	7	110.951924020293	65.5109148834599
"362"	2	"Geno_30"	3	2	7	101.079703025306	58.6576001961924
"363"	2	"Geno_28"	3	3	7	83.6482803212923	45.018617340869
"364"	2	"Geno_16"	3	4	7	171.705319380374	106.453436902002
"365"	2	"Geno_21"	3	5	7	98.88179958606	49.0174568582053
"366"	2	"Geno_23"	3	6	7	163.675341863391	110.713812289563
"367"	4	"Geno_14"	3	7	7	122.011464793048	61.8179959076267
"368"	4	"Geno_12"	3	8	7	147.307569763977	101.15460880231
"369"	4	"Geno_13"	3	9	7	130.629070765962	88.5143343889586
"370"	4	"Geno_26"	3	10	7	168.33612820864	107.021735213211
"371"	4	"Geno_22"	3	11	7	151.67329132414	98.0393373415715
"372"	4	"Geno_11"	3	12	7	132.199812483151	83.5402062185726
"373"	2	"Geno_24"	3	1	8	145.785010680406	88.4010410167721
"374"	2	"Geno_36"	3	2	8	114.747620613266	72.533688298228
"375"	2	"Geno_5"	3	3	8	167.293000078943	95.6416135463468
"376"	2	"Geno_25"	3	4	8	131.312767709465	71.4401308532107
"377"	2	"Geno_13"	3	5	8	101.194196133875	63.2171397182447
"378"	2	"Geno_3"	3	6	8	151.522037766904	89.3893587724718
"379"	4	"Geno_4"	3	7	8	129.335261166929	77.386366604958
"380"	4	"Geno_23"	3	8	8	143.803024848928	91.6730305657021
"381"	4	"Geno_3"	3	9	8	127.907786532313	73.3015400135289
"382"	4	"Geno_31"	3	10	8	94.6449670027185	51.2539178583526
"383"	4	"Geno_20"	3	11	8	144.766082236405	85.6640457721979
"384"	4	"Geno_5"	3	12	8	114.948980993427	65.5919508647949
"385"	2	"Geno_20"	3	1	9	111.915849492871	61.7558890084223
"386"	2	"Geno_12"	3	2	9	110.026006115684	65.7957391863986
"387"	2	"Geno_22"	3	3	9	118.253100446831	69.9146229586941
"388"	2	"Geno_31"	3	4	9	139.980147467438	78.2991392275261
"389"	2	"Geno_6"	3	5	9	137.343136568293	84.1574359116871
"390"	2	"Geno_17"	3	6	9	110.022896260738	58.6267679840885
"391"	4	"Geno_8"	3	7	9	155.451482803129	91.1938535359704
"392"	4	"Geno_35"	3	8	9	99.8765046807486	56.0009350721706
"393"	4	"Geno_9"	3	9	9	123.860909822961	77.6500389404493
"394"	4	"Geno_7"	3	10	9	102.542956767348	61.7766260904897
"395"	4	"Geno_24"	3	11	9	158.39031066683	93.7570739483182
"396"	4	"Geno_1"	3	12	9	166.406814546375	88.8982597857159
"397"	2	"Geno_32"	3	1	10	148.275901042387	88.3347296590788
"398"	2	"Geno_15"	3	2	10	136.884476685228	93.4042208418957
"399"	2	"Geno_2"	3	3	10	137.494245752757	85.4813765110054
"400"	2	"Geno_33"	3	4	10	153.530536069254	92.1968665839302
"401"	2	"Geno_14"	3	5	10	180.344143905028	117.714769420135
"402"	2	"Geno_29"	3	6	10	106.272935837468	68.5163971591611
"403"	4	"Geno_33"	3	7	10	90.1124965062924	57.9699124766032
"404"	4	"Geno_27"	3	8	10	150.948291837028	94.6812436352969
"405"	4	"Geno_15"	3	9	10	167.585073144649	91.1005783268809
"406"	4	"Geno_6"	3	10	10	132.181907767173	72.9431136200867
"407"	4	"Geno_17"	3	11	10	119.598466602932	66.5865269911617
"408"	4	"Geno_28"	3	12	10	110.322331881997	61.6213536475766
"409"	2	"Geno_35"	3	1	11	141.536792151724	77.7049694747386
"410"	2	"Geno_8"	3	2	11	160.38496056358	103.269308133414
"411"	2	"Geno_18"	3	3	11	129.761276889768	83.1994655509301
"412"	2	"Geno_19"	3	4	11	153.311198102918	94.5683017349544
"413"	2	"Geno_34"	3	5	11	138.842525918737	77.4046894198368
"414"	2	"Geno_4"	3	6	11	134.145191122264	78.2942087259465
"415"	4	"Geno_36"	3	7	11	137.844409435746	73.6493944595051
"416"	4	"Geno_16"	3	8	11	89.9873979632776	51.3114784101867
"417"	4	"Geno_19"	3	9	11	126.70820688351	66.7148853755124
"418"	4	"Geno_32"	3	10	11	118.503077425963	66.7717350063786
"419"	4	"Geno_34"	3	11	11	127.215373520787	76.948762511668
"420"	4	"Geno_29"	3	12	11	140.537470714756	79.7567485798463
"421"	2	"Geno_11"	3	1	12	149.118389537063	93.4123473557202
"422"	2	"Geno_1"	3	2	12	163.006084797498	101.008636939067
"423"	2	"Geno_10"	3	3	12	178.209399571432	104.618287796774
"424"	2	"Geno_9"	3	4	12	162.405860761196	93.5787355953084
"425"	2	"Geno_26"	3	5	12	99.5798603070501	66.9185492617841
"426"	2	"Geno_27"	3	6	12	159.189082145651	98.5256106919642
"427"	4	"Geno_25"	3	7	12	108.708726434724	65.1620132733211
"428"	4	"Geno_18"	3	8	12	127.477605763514	78.8247066385455
"429"	4	"Geno_2"	3	9	12	145.078414796576	92.3065692200122
"430"	4	"Geno_21"	3	10	12	100.841376470776	60.8824815415652
"431"	4	"Geno_30"	3	11	12	123.507352590341	76.8886404063578
"432"	4	"Geno_10"	3	12	12	132.357736190984	70.1862246365513
